时间	开	高	低	收	量	额
1990-12-19	96.050	99.980	95.790	99.980	1260	494311.000
1990-12-20	104.300	104.390	99.980	104.390	197	84992.000
1990-12-21	109.070	109.130	103.730	109.130	28	16096.000
1990-12-24	113.570	114.550	109.130	114.550	32	31063.000
1990-12-25	120.090	120.250	114.550	120.250	15	6510.000
1990-12-26	125.270	125.270	120.250	125.270	100	53730.000
1990-12-27	125.270	125.280	125.270	125.280	66	104644.000
1990-12-28	126.390	126.450	125.280	126.450	108	88031.000
1990-12-31	126.560	127.610	126.480	127.610	78	60030.000
1991-01-02	127.610	128.840	127.610	128.840	91	59098.000
1991-01-03	128.840	130.140	128.840	130.140	141	93918.000
1991-01-04	131.270	131.440	130.140	131.440	420	261904.000
1991-01-07	131.990	132.060	131.450	132.060	217	141737.000
1991-01-08	132.620	132.680	132.060	132.680	2926	1806867.000
1991-01-09	133.300	133.340	132.680	133.340	5603	3228719.000
1991-01-10	133.930	133.970	133.340	133.970	9990	5399457.000
1991-01-11	134.610	134.610	134.510	134.600	13327	7115732.000
1991-01-14	134.110	135.190	134.110	134.670	12530	6883604.000
1991-01-15	134.210	134.740	134.190	134.740	1446	1010364.000
1991-01-16	134.190	134.740	134.140	134.240	509	270133.000
1991-01-17	133.670	134.250	133.650	134.250	658	334238.000
1991-01-18	133.700	134.250	133.670	134.240	3004	1570833.000
1991-01-21	133.700	134.240	133.660	134.240	2051	1029305.000
1991-01-22	133.720	134.240	133.660	133.720	354	180787.000
1991-01-23	133.170	133.720	133.140	133.170	1095	575928.000
1991-01-24	132.610	133.170	132.570	132.610	1857	917392.000
1991-01-25	132.050	132.070	132.030	132.050	3447	1722246.000
1991-01-28	131.460	131.550	131.460	131.460	5107	2565573.000
1991-01-29	130.950	130.970	130.950	130.950	1387	710741.000
1991-01-30	130.440	130.950	130.410	130.440	527	260701.000
1991-01-31	129.930	130.460	129.930	129.970	510	244662.000
1991-02-01	129.500	129.970	129.450	129.510	345	140871.000
1991-02-04	129.050	129.580	129.050	129.050	553	273652.000
1991-02-05	128.560	128.580	128.530	128.580	8562	4250084.000
1991-02-06	129.130	129.150	128.060	129.140	6641	3847268.000
1991-02-07	129.740	129.790	129.140	129.790	2133	1504814.000
1991-02-08	130.360	130.390	129.790	130.380	1234	879868.000
1991-02-11	130.920	130.970	130.390	130.970	9317	4834876.000
1991-02-12	131.540	131.560	130.970	131.350	3774	1986983.000
1991-02-13	131.930	131.930	131.350	131.920	1152	673738.000
1991-02-14	132.530	132.530	132.300	132.530	3624	1883072.000
1991-02-19	133.120	133.140	133.080	133.130	1748	1216176.000
1991-02-20	133.630	133.670	133.130	133.670	876	520724.000
1991-02-21	134.240	134.280	133.670	134.280	3220	1771726.000
1991-02-22	134.850	134.870	134.280	134.870	3427	2003776.000
1991-02-25	134.370	134.870	134.330	134.400	810	621015.000
1991-02-26	133.900	134.440	133.900	133.930	1094	2545711.000
1991-02-27	133.440	133.980	133.440	133.470	214	141958.000
1991-02-28	132.990	133.520	132.980	133.010	2258	1187974.000
1991-03-01	132.530	132.530	132.470	132.530	7124	3777320.000
1991-03-04	132.090	132.090	131.980	131.990	2518	1418017.000
1991-03-05	131.420	131.990	131.410	131.460	982	934706.000
1991-03-06	130.890	130.950	130.890	130.940	719	1345390.000
1991-03-07	130.410	130.940	130.410	130.410	568	427475.000
1991-03-08	129.840	130.410	129.840	129.890	933	541770.000
1991-03-11	129.300	129.890	129.300	129.310	514	299524.000
1991-03-12	128.730	129.310	128.730	128.770	957	783099.000
1991-03-13	126.130	128.770	126.130	126.150	498	418280.000
1991-03-14	125.610	126.150	125.610	125.630	326	242557.000
1991-03-15	125.080	125.620	125.080	125.170	790	403520.000
1991-03-18	124.700	125.170	124.690	124.710	1250	1210411.000
1991-03-19	124.230	124.710	124.220	124.220	892	682933.000
1991-03-20	123.660	124.210	123.630	123.660	678	433147.000
1991-03-21	123.140	123.660	123.120	123.120	151	131064.000
1991-03-22	122.620	123.120	122.620	122.620	207	120129.000
1991-03-25	122.120	122.620	122.100	122.120	443	324176.000
1991-03-26	121.620	122.140	121.620	121.620	1164	709040.000
1991-03-27	121.120	121.640	121.120	121.120	668	366005.000
1991-03-28	120.650	121.150	120.610	120.610	961	505657.000
1991-03-29	120.160	120.610	120.110	120.190	2185	2186180.000
1991-04-01	120.690	120.730	119.680	120.730	11999	5666672.000
1991-04-02	121.210	121.290	120.730	121.210	816	387611.000
1991-04-03	121.710	121.710	121.210	121.710	2063	977171.000
1991-04-04	122.200	122.200	121.240	121.720	10517	5045893.000
1991-04-05	121.070	121.730	121.030	121.540	11589	6035557.000
1991-04-08	121.110	121.110	121.050	121.090	1862	1675834.000
1991-04-09	120.600	121.100	120.600	120.620	320	297122.000
1991-04-10	120.150	120.620	120.090	120.160	466	281235.000
1991-04-11	119.640	120.160	119.620	119.640	239	576817.000
1991-04-12	119.200	119.650	119.150	119.210	399	301333.000
1991-04-15	118.730	119.220	118.720	118.770	301	386981.000
1991-04-16	118.360	118.770	118.340	118.340	105	177216.000
1991-04-17	117.920	118.340	117.890	117.900	201	259495.000
1991-04-18	117.450	117.930	117.450	117.450	178	133927.000
1991-04-19	117.080	117.500	117.050	117.080	646	424675.000
1991-04-22	116.630	117.080	116.580	116.630	430	321322.000
1991-04-23	116.210	116.630	116.150	116.190	282	264379.000
1991-04-24	115.700	116.190	115.700	115.790	148	121786.000
1991-04-25	115.380	115.790	115.330	115.360	1495	998928.000
1991-04-26	116.310	116.310	114.520	115.560	13354	5806770.000
1991-04-29	114.860	116.290	114.750	114.750	8411	3610730.000
1991-04-30	113.890	114.870	113.890	113.940	4850	2734172.000
1991-05-02	113.040	113.200	113.030	113.160	1465	1124048.000
1991-05-03	112.460	113.170	112.300	112.410	4230	2386862.000
1991-05-06	111.650	112.410	111.570	111.610	2764	1423590.000
1991-05-07	110.800	110.900	110.800	110.820	1875	907005.000
1991-05-08	110.160	110.820	110.000	110.030	423	375190.000
1991-05-09	109.360	110.120	109.310	109.290	2255	1215566.000
1991-05-10	108.610	109.400	108.530	108.530	249	313181.000
1991-05-13	107.880	107.880	107.740	107.840	235	182296.000
1991-05-14	107.210	107.840	107.060	107.190	267	185380.000
1991-05-15	106.560	106.600	106.420	106.570	390	307736.000
1991-05-16	105.830	105.860	105.690	105.770	3108	1445855.000
1991-05-17	105.120	106.750	104.960	106.750	20192	7633140.000
1991-05-20	107.760	107.820	106.710	107.820	863	924212.000
1991-05-21	108.890	108.890	108.620	108.810	771	1309557.000
1991-05-22	109.710	109.820	108.110	108.250	18677	7967008.000
1991-05-23	107.520	109.160	107.350	109.080	5609	2770507.000
1991-05-24	110.070	110.080	109.820	110.080	1024	661006.000
1991-05-27	111.050	111.070	109.470	110.660	8619	3827789.000
1991-05-28	111.610	111.680	111.360	111.680	1630	970461.000
1991-05-29	112.750	112.750	111.670	112.750	530	1320629.000
1991-05-30	113.740	113.820	112.770	113.820	388	753456.000
1991-05-31	114.830	114.830	113.840	114.830	1211	1470487.000
1991-06-03	115.900	115.970	114.890	115.970	954	1643078.000
1991-06-04	117.120	117.120	116.830	117.120	3603	2018633.000
1991-06-05	118.170	118.170	117.140	118.170	308	279283.000
1991-06-06	119.260	119.330	118.170	119.350	266	160508.000
1991-06-07	120.460	120.470	119.350	120.470	100	83206.000
1991-06-10	121.650	121.670	120.470	121.670	400	458929.000
1991-06-11	122.890	122.890	121.670	122.890	543	375012.000
1991-06-12	123.900	124.110	122.890	124.110	1372	735371.000
1991-06-13	125.330	125.340	123.650	125.340	20868	11563763.000
1991-06-14	124.470	126.340	124.470	124.530	6633	3541098.000
1991-06-17	125.630	125.770	123.540	125.770	6933	4056679.000
1991-06-18	127.030	127.030	126.670	127.030	2030	1015149.000
1991-06-19	128.120	128.290	127.030	128.290	1481	744123.000
1991-06-20	129.550	129.570	129.210	129.570	2299	1321261.000
1991-06-21	130.720	130.860	128.810	130.860	13613	7746480.000
1991-06-24	132.100	132.170	131.800	132.170	1960	1657788.000
1991-06-25	133.480	133.490	132.170	133.490	1624	1296047.000
1991-06-26	134.830	134.830	133.490	134.830	3409	2149983.000
1991-06-27	136.040	136.190	134.830	136.190	4497	2521206.000
1991-06-28	137.410	137.560	136.190	137.560	4935	3032950.000
1991-07-01	136.640	138.620	136.560	136.850	22940	12469884.000
1991-07-02	135.910	135.960	135.690	135.960	2838	3794100.000
1991-07-03	135.280	135.960	134.980	135.270	2715	1818504.000
1991-07-04	136.630	136.630	134.190	136.630	13394	8095138.000
1991-07-05	136.010	137.680	135.900	135.960	14540	9394861.000
1991-07-08	135.260	135.280	134.930	135.280	5874	2925933.000
1991-07-09	136.560	136.570	134.310	134.640	8442	4174836.000
1991-07-10	134.400	135.600	133.720	133.990	6023	2894591.000
1991-07-11	133.220	133.990	133.130	133.380	5073	2417896.000
1991-07-12	132.800	133.380	132.420	132.800	3144	1484090.000
1991-07-15	133.900	134.100	131.870	133.140	11938	5534900.000
1991-07-16	134.390	134.470	133.140	134.470	2796	1328502.000
1991-07-17	135.810	135.810	135.390	135.810	660	397524.000
1991-07-18	137.170	137.170	135.810	137.170	847	464416.000
1991-07-19	137.660	138.540	136.660	136.700	10823	5242826.000
1991-07-22	138.070	138.070	136.700	138.070	2764	1423205.000
1991-07-23	139.350	139.390	138.070	139.390	7241	3548584.000
1991-07-24	140.660	140.740	138.690	140.680	5988	2901485.000
1991-07-25	140.200	141.010	139.990	140.190	8390	4080885.000
1991-07-26	140.110	141.460	139.270	140.660	9279	4520783.000
1991-07-29	141.220	141.720	140.810	141.520	4771	2350293.000
1991-07-30	142.390	142.450	141.390	142.390	5601	2718049.000
1991-07-31	143.720	143.800	142.390	143.800	4051	1993205.000
1991-08-01	145.120	145.240	143.800	145.240	4731	2310502.000
1991-08-02	146.490	146.680	145.440	146.680	11744	5825142.000
1991-08-05	148.060	148.150	146.680	148.150	5126	2593974.000
1991-08-06	149.620	149.620	148.150	149.620	2001	1065505.000
1991-08-07	150.930	151.120	149.620	151.120	1107	580236.000
1991-08-08	152.570	152.610	151.120	152.610	1951	1045377.000
1991-08-09	153.900	154.100	152.610	154.100	3715	1990447.000
1991-08-12	155.340	155.540	154.100	155.540	3919	2154199.000
1991-08-13	156.870	157.070	155.540	157.070	20039	10529728.000
1991-08-14	158.300	158.630	158.110	158.630	5480	2929235.000
1991-08-15	159.920	160.210	158.630	160.210	1537	850781.000
1991-08-16	161.560	161.600	160.210	161.600	984	581335.000
1991-08-19	163.210	163.210	161.600	163.210	985	614977.000
1991-08-20	164.740	164.840	163.210	164.840	573	388263.000
1991-08-21	166.490	166.490	164.840	166.490	3411	2106363.000
1991-08-22	167.810	168.160	166.490	168.160	1296	845656.000
1991-08-23	169.810	169.810	168.160	169.810	605	502645.000
1991-08-26	171.510	171.510	169.810	171.510	643	518093.000
1991-08-27	173.060	173.190	171.510	173.190	796	520954.000
1991-08-28	174.820	174.920	173.190	174.920	804	511434.000
1991-08-29	176.530	176.660	174.920	176.660	2608	1629096.000
1991-08-30	178.200	178.430	176.660	178.430	6759	4219163.000
1991-09-02	180.080	180.220	178.430	180.220	1408	886865.000
1991-09-03	181.710	181.970	180.220	181.970	1475	940258.000
1991-09-04	183.660	183.690	181.970	183.690	650	470005.000
1991-09-05	185.480	185.510	183.690	185.510	1514	1095242.000
1991-09-06	187.090	187.360	185.510	187.360	2765	1761317.000
1991-09-09	189.100	189.240	187.360	189.240	3552	2349562.000
1991-09-10	190.980	190.980	188.190	188.330	33434	21507836.000
1991-09-11	187.290	187.290	186.860	187.220	21392	14677350.000
1991-09-12	186.220	187.400	186.070	186.220	19699	16265671.000
1991-09-13	188.000	188.040	185.010	187.790	37434	24035038.000
1991-09-16	189.550	189.660	187.790	189.660	9933	6343151.000
1991-09-17	191.160	191.180	188.280	188.650	28829	18623898.000
1991-09-18	187.260	188.590	187.180	187.630	15822	11015637.000
1991-09-19	187.650	189.210	186.490	186.880	23439	14607546.000
1991-09-20	185.770	187.210	185.660	185.920	12075	7417594.000
1991-09-23	185.000	185.920	184.710	185.000	4034	2806673.000
1991-09-24	183.960	185.040	183.690	184.080	1426	1002714.000
1991-09-25	182.800	184.080	182.800	183.190	1389	934108.000
1991-09-26	182.210	183.190	181.930	182.330	6541	4620152.000
1991-09-27	183.120	183.890	181.190	181.820	33728	20416480.000
1991-09-30	180.280	181.950	180.270	180.920	25594	22336016.000
1991-10-03	181.550	182.480	179.800	182.480	18741	12329971.000
1991-10-04	184.290	184.290	183.590	184.290	7360	5039959.000
1991-10-07	185.950	186.000	185.410	186.000	11369	7291196.000
1991-10-08	187.590	187.610	186.000	187.490	23745	15241554.000
1991-10-09	188.490	189.120	186.310	189.120	20989	13440129.000
1991-10-10	190.710	191.010	189.120	191.010	6638	4333536.000
1991-10-11	192.840	192.880	191.010	192.850	10981	7251750.000
1991-10-14	194.060	194.690	192.320	194.670	21493	13948029.000
1991-10-15	196.580	196.610	194.670	196.610	11002	7265197.000
1991-10-16	198.510	198.570	196.610	198.570	9562	6273991.000
1991-10-17	200.500	200.510	198.570	200.510	6077	4136314.000
1991-10-18	202.500	202.510	200.510	202.510	2968	2384097.000
1991-10-21	204.530	204.530	202.510	204.530	3537	2514336.000
1991-10-22	206.060	206.530	204.530	206.530	2128	1521146.000
1991-10-23	208.060	208.250	206.530	208.250	2623	1980087.000
1991-10-24	210.200	210.200	208.250	210.070	19357	13174235.000
1991-10-25	210.340	211.970	209.710	211.860	32650	22263148.000
1991-10-28	213.500	213.980	211.860	213.980	3217	2357941.000
1991-10-29	215.630	215.780	213.980	215.780	2697	2069665.000
1991-10-30	216.370	216.430	215.780	216.430	2380	1814463.000
1991-10-31	218.590	218.600	216.430	218.600	3929	2914654.000
1991-11-01	220.710	220.720	218.600	220.720	5906	4313355.000
1991-11-04	222.770	222.770	220.790	222.770	4474	3352291.000
1991-11-05	224.440	224.650	222.770	224.650	2805	2225605.000
1991-11-06	226.830	226.880	224.650	226.880	2848	2188148.000
1991-11-07	228.930	228.930	226.880	228.930	4833	4085072.000
1991-11-08	230.990	231.220	228.930	231.220	14406	11039106.000